  -0.300631 
  -0.187844 
  -0.173488 
  -0.149207 
  -0.13493 
  -0.0734032 
  -0.119191 
  -0.110987 
  -0.128644 
  -0.106313 
  -0.0884185 
  -0.12211 
  -0.116714 
  -0.118322 
  -0.116284 
  -0.139022 
  -0.124046 
  -0.0952137 
  -0.127885 
  -0.174058 
  -0.177064 
  -0.111301 
  -0.127724 
  -0.0623978 
  -0.0605331 
  -0.0308248 
  -0.013869 
  0.00175231 
  -0.023257 
  0.0114724 
  -0.00667223 
  0.0231105 
  -0.035741 
  0.012005 
  -0.0307737 
  -0.0397214 
  -0.0161721 
  -0.0546411 
  -0.0317436 
  -0.103057 
  -0.123611 
  -0.112895 
  -0.0582319 
  -0.03335 
  0.0130258 
  0.00317104 
  0.0101381 
  0.0441802 
  0.0462301 
  0.0416874 
  0.0542713 
  -0.00739456 
  0.0728275 
  0.0458769 
  0.0405307 
  0.0548892 
  0.0182896 
  0.0154152 
  -0.00498765 
  -0.0360252 
  -0.115968 
  -0.107539 
  -0.0734889 
  -0.0126558 
  0.0870534 
  0.0907045 
  0.0144252 
  0.0480843 
  -0.0135517 
  0.0182357 
  0.033183 
  0.00977957 
  0.0586718 
  0.0674417 
  0.0497944 
  0.0560233 
  0.0504749 
  0.0515088 
  -0.0105943 
  -0.00577024 
  -0.109186 
  -0.136796 
  -0.0874306 
  -0.0034475 
  0.0917802 
  0.054945 
  0.0253132 
  0.00639873 
  -0.00769846 
  0.0241488 
  0.0145975 
  0.0184837 
  0.0378139 
  0.0461907 
  0.0191985 
  0.0260404 
  0.0300993 
  0.0614436 
  0.00552173 
  -0.0146182 
  -0.103845 
  -0.110992 
  -0.0558314 
  0.0326483 
  0.073681 
  0.0845885 
  0.0390979 
  0.0748256 
  0.0287157 
  0.0327869 
  -0.0160634 
  -0.0192841 
  -0.036226 
  0.0252642 
  0.0260131 
  0.0742338 
  0.0175232 
  0.0105312 
  0.0121819 
  0.00756033 
  -0.0873864 
  -0.12961 
  -0.0307123 
  0.046726 
  0.0386424 
  0.0536258 
  0.0429611 
  0.0410193 
  0.068082 
  -0.0099884 
  -0.0350251 
  0.00940812 
  0.00787685 
  0.0252627 
  0.0497077 
  0.0345609 
  0.0381875 
  0.0423416 
  0.015922 
  -0.0549671 
  -0.100577 
  -0.0933663 
  -0.0296362 
  0.0128541 
  0.0259521 
  0.0142588 
  0.0671739 
  0.0649126 
  0.0393289 
  0.024177 
  0.060815 
  0.0201062 
  0.0223098 
  0.0280336 
  0.00430358 
  0.0203147 
  0.0262699 
  0.074073 
  0.0266742 
  -0.0183918 
  -0.0818594 
  -0.1139 
  -0.00787781 
  0.0340851 
  0.0675699 
  0.00322057 
  0.0258143 
  0.0497286 
  0.0311508 
  0.0372806 
  0.0287865 
  0.020691 
  0.0457258 
  -0.00341603 
  0.0315433 
  0.0110034 
  0.0400479 
  -0.0111518 
  0.0430703 
  0.00235984 
  -0.0897625 
  -0.0855097 
  -0.0181392 
  0.0661285 
  0.0585502 
  0.0320875 
  0.0465304 
  0.0143314 
  0.0210915 
  0.0818685 
  0.0303424 
  0.0163893 
  0.0275121 
  0.00839461 
  0.0161404 
  0.0287017 
  -0.0431054 
  -0.0228541 
  -0.00567171 
  0.00196394 
  -0.102212 
  -0.0858796 
  0.0118115 
  0.00852326 
  0.0270256 
  0.00393207 
  0.00484783 
  -0.0179841 
  0.00428376 
  0.0211 
  0.0463265 
  0.0395785 
  0.0118432 
  0.0383353 
  0.0180086 
  0.0104144 
  -0.00863763 
  -0.0436099 
  -0.00939377 
  -0.0367344 
  -0.138776 
  -0.107117 
  0.007157 
  0.00669751 
  0.0169702 
  -0.010811 
  0.0205832 
  0.0405958 
  -0.00829265 
  0.0822311 
  0.0408558 
  -0.013304 
  0.0158805 
  0.0318146 
  0.00143639 
  -0.00301841 
  0.0647446 
  0.00416733 
  0.0236772 
  4.42702e-006 
  -0.0673947 
  -0.0821793 
  0.0116723 
  -0.0160823 
  0.00897179 
  0.0178553 
  0.0605084 
  -0.00143545 
  0.0404154 
  0.0407558 
  0.0115516 
  0.0541932 
  0.0160339 
  0.0325362 
  0.0353929 
  0.0234467 
  0.059992 
  0.00652507 
  0.0490013 
  0.011918 
  -0.131036 
  -0.083826 
  0.0335943 
  0.0222835 
  0.0698968 
  0.0582098 
  0.0593037 
  0.0848564 
  0.0488137 
  -0.0137307 
  0.00640653 
  -0.00800028 
  0.0229711 
  0.0747107 
  0.0209362 
  0.0321175 
  0.0236731 
  0.0265831 
  0.0103582 
  -0.0133722 
  -0.0756852 
  -0.0735834 
  -0.0312455 
  0.0176752 
  0.0235188 
  0.0443443 
  0.0369758 
  0.0781699 
  0.0134444 
  -0.0128772 
  0.0572729 
  0.0696631 
  0.0563959 
  0.00122488 
  0.0399449 
  0.0353556 
  0.0332034 
  0.0765978 
  0.0842268 
  -0.0408376 
  -0.117168 
  -0.12964 
  -0.0314594 
  -0.0458674 
  0.0102997 
  0.0248298 
  0.0472068 
  0.0183678 
  0.00673058 
  0.0246271 
  0.0233465 
  0.000708916 
  0.0230031 
  0.0375539 
  0.0419644 
  0.0543182 
  0.0430058 
  0.0807778 
  0.0799476 
  -0.0280764 
  -0.129294 
  -0.115671 
  -0.0251771 
  -0.00962683 
  0.0320645 
  0.032962 
  0.0293731 
  0.0303353 
  0.0469105 
  0.0294554 
  -0.00342387 
  0.0275304 
  0.0508845 
  0.0187545 
  0.0443763 
  0.0276752 
  0.0554309 
  0.0828077 
  0.0752816 
  -0.0414239 
  -0.123559 
  -0.109429 
  -0.077009 
  -0.071172 
  -0.0114498 
  0.00838906 
  0.0650649 
  0.0245168 
  0.0217856 
  0.0272581 
  0.0368676 
  0.00962667 
  0.0231733 
  0.0263961 
  0.0614371 
  0.0391261 
  0.0538347 
  -0.010984 
  0.0271769 
  -0.024931 
  -0.0821973 
  -0.16061 
  -0.0733172 
  -0.0776144 
  -0.0240833 
  -0.000657399 
  0.0092089 
  -0.0258472 
  -0.0286513 
  0.00169299 
  -0.0122233 
  -0.0519445 
  0.01295 
  0.00188087 
  -0.00385099 
  0.023754 
  -0.0210831 
  -0.0458944 
  -0.0107445 
  -0.0689766 
  -0.114156 
  -0.167702 
  -0.157407 
  -0.132314 
  -0.106597 
  -0.142237 
  -0.12537 
  -0.0857655 
  -0.139833 
  -0.128386 
  -0.108263 
  -0.100813 
  -0.105734 
  -0.123842 
  -0.119938 
  -0.101127 
  -0.113807 
  -0.106499 
  -0.0827778 
  -0.130909 
  -0.158567 